1217 0
1090 0
2560 1
1699 0
2168 1
918 1
1942 0
627 0
2111 1
2212 1
3052 1
565 0
1999 1
1218 0
838 0
2806 1
2787 1
3399 1
3210 1
847 0
776 1
1739 1
1522 1
816 1
1521 1
3085 1
1399 1
2176 1
3286 1
1915 1
2130 1
2930 1
1472 1
2252 1
1394 1
2600 1
3267 1
1711 1
3094 1
2411 1
2429 1
3017 0
2791 1
2020 1
3026 1
1404 1
3321 1
1610 1
3046 1
1489 1
2754 1
2998 1
3112 1
3074 1
3341 1
2447 0
2146 1
2629 1
2053 1
1681 1
3239 1
1164 1
3140 1
1230 1
1677 1
2171 1
2610 1
184 0
2291 1
1349 1
1312 1
2074 1
1736 1
2311 1
1878 0
164 0
2159 1
324 0
1091 0
3279 1
2065 1
2783 1
2335 1
3029 1
2993 1
716 0
2765 1
3196 1
3374 1
251 0
2830 1
1390 1
1166 1
3227 1
2099 1
2281 1
2076 1
1931 1
2160 0
3211 1
3105 1
2656 0
2482 1
2100 1
2888 1
2224 1
1192 1
3383 1
1271 0
1853 1
2063 0
2758 1
1307 0
638 0
3013 1
3186 1
2941 1
977 1
3008 1
3191 1
688 0
2976 1
3174 1
1724 1
2785 1
3115 1
1201 0
2026 1
3382 1
2408 0
2965 1
2875 1
2681 1
2678 1
2690 1
2134 1
2333 1
3292 1
2767 1
3166 1
3299 1
928 1
2628 1
3081 1
3137 1
536 0
3152 1
1041 0
2795 1
3117 1
2112 1
1264 1
1527 1
2308 0
2276 1
2945 1
2011 1
1407 0
2537 1
1688 1
2286 1
2588 1
2843 1
2562 1
982 1
2572 0
482 0
1598 1
3277 1
3334 1
2977 1
3165 1
823 0
3172 1
394 0
2358 1
962 0
2150 1
2582 1
3283 1
2428 0
1012 0
2885 1
2877 1
3091 1
1925 1
2375 1
2533 1
2498 0
2423 1
3248 1
3104 0
2394 1
2071 1
2762 1
2525 1
3209 1
2813 1
2585 1
3330 1
3222 1
2753 1
1973 1
3045 1
2481 1
2689 1
2780 1
2739 1
3233 1
3168 1
1776 1
1605 1
3144 1
2963 1
2263 1
2300 1
2361 0
1237 1
2058 0
1868 0
1760 1
3158 1
1796 1
2489 0
2143 1
1982 1
276 0
2729 1
2967 1
1411 1
2716 1
3159 1
3053 1
1270 1
1379 1
2478 0
3086 1
3253 1
2491 1
2181 1
2876 1
2832 1
3357 1
3060 1
1579 1
3072 1
2407 1
2461 1
1420 1
1176 0
2086 1
3303 1
2890 1
1834 1
3079 1
1502 1
1634 0
2812 1
1089 1
3236 1
1764 0
906 0
2201 1
2343 1
2595 1
2987 1
745 1
1713 1
1648 1
1348 1
2035 1
768 0
566 0
1551 1
1970 1
1891 1
3391 1
3012 1
1458 0
2617 1
1514 1
635 0
2778 1
2614 1
2148 1
2771 1
2029 1
2821 1
2579 1
877 1
1487 1
2534 1
3260 1
3345 1
2217 1
3331 1
3346 1
2660 1
591 0
2522 1
2101 0
2968 1
2902 1
3011 1
3070 1
3097 1
1633 1
2415 1
3093 1
1085 1
2661 1
2536 1
2110 1
1018 1
1895 0
3009 1
1649 1
2962 1
2518 1
3213 1
1478 0
15 0
1816 1
3274 1
959 1
2726 1
3305 1
1398 0
3004 1
3195 1
3040 1
3268 1
2064 1
3362 1
3101 1
3255 1
1295 1
1623 0
2439 1
3290 1
2899 1
1657 0
2848 1
3215 1
2125 1
1062 1
2470 1
3365 1
1373 1
843 0
3001 1
2392 0
3398 1
902 0
729 1
1719 1
2682 1
3250 1
2103 1
1981 1
3280 1
3109 1
2680 1
2938 1
3402 1
1474 1
2015 1
1592 0
2788 1
1118 0
3225 1
1188 0
2232 1
377 0
458 0
2302 1
2078 0
110 0
1412 1
1651 1
3326 1
2732 1
3018 1
34 0
2369 1
2187 0
2864 1
2725 1
957 0
2138 1
2156 0
378 0
230 0
2715 1
3287 1
2991 1
3393 1
2327 1
235 0
2749 1
1383 1
3272 1
1284 1
2641 1
286 0
1641 1
693 0
2891 1
2904 1
1444 1
3359 1
3047 1
2158 1
1873 1
1196 0
1191 0
3249 1
2339 1
3067 1
2980 1
2658 1
3261 1
2349 1
1717 1
2871 1
2055 1
2676 1
971 1
2190 1
682 0
1261 1
3019 1
1557 1
2869 1
3226 1
2702 1
3206 1
1519 1
3244 1
1045 0
2827 1
2708 1
1784 0
1014 0
1251 0
1955 1
3078 1
700 0
464 0
2403 1
3304 1
3238 1
1241 0
2502 1
649 1
2782 1
3322 1
3302 1
2847 1
2755 1
1580 1
2380 1
2051 1
3014 1
1076 1
2153 1
2985 1
887 0
883 0
2344 1
3367 1
3380 1
2177 1
1785 1
501 0
2269 0
2744 1
2445 1
821 0
2441 1
3050 1
465 0
2992 1
2474 1
3395 1
1820 1
946 1
795 0
174 0
2677 1
3103 1
2310 1
2803 1
2607 1
419 0
2081 1
1936 1
1783 1
3071 1
1433 1
995 0
2363 1
3386 1
2757 1
1154 1
3318 1
1080 1
2798 1
3198 1
1679 1
2892 1
1812 1
1865 1
2010 0
3035 1
1882 1
1425 1
1988 1
2949 1
2417 1
1698 1
526 0
2960 0
252 0
2923 1
1147 1
3151 1
1881 0
3041 1
2466 1
2857 1
2550 1
3306 1
2507 0
1977 1
2883 1
2870 1
10 0
1501 0
933 1
1911 0
2266 0
1151 1
2939 1
1585 1
1769 1
3407 1
3090 1
2602 1
3281 1
1031 1
2359 1
1766 1
1765 1
3139 1
3178 1
2645 1
2867 1
964 0
3389 1
655 0
2341 1
2589 0
2623 1
3037 1
2903 1
3003 1
2082 0
2056 0
1710 1
3031 1
2989 1
1742 1
3087 1
1780 1
2294 1
741 0
1495 0
2838 1
426 0
2735 1
209 0
3400 1
3293 1
3069 1
3119 1
2761 1
1473 1
984 1
1319 1
1987 1
2759 1
2211 1
7 0
1615 1
281 0
3338 1
2760 1
2510 1
1702 1
3262 1
2178 1
2616 1
280 0
2041 0
2167 1
3289 1
2948 0
3308 1
2235 1
1153 1
1552 1
2292 1
2794 1
2970 1
1300 1
3173 1
3138 1
2558 1
1171 0
2401 1
2293 1
1831 0
1697 1
1259 1
1110 1
3032 1
255 0
1900 0
545 0
3375 1
1632 1
2213 0
1320 1
2861 1
1984 1
2707 1
2990 1
2144 1
1556 1
3059 1
351 0
2299 1
2937 1
2456 0
3344 1
3200 1
1233 0
871 1
2107 1
189 0
2775 1
2464 1
1504 0
1777 1
3309 1
1438 1
1588 1
1277 1
1453 1
3063 1
2752 1
1173 0
612 0
1671 0
2687 1
2669 1
2277 1
2994 1
555 0
2942 1
3217 1
2860 1
1549 0
3273 1
2918 1
1852 1
1885 1
3199 1
2865 1
1455 1
2575 1
2488 1
2045 1
1003 1
1680 0
3080 1
3349 1
1231 0
692 1
1996 1
1310 0
2463 1
3251 1
1417 1
83 0
1451 1
2140 1
3315 1
1994 1
2098 1
1413 0
3264 1
2323 1
2514 1
1103 1
2817 1
2068 0
2427 1
317 0
2338 0
1954 1
2458 1
2240 1
950 1
2859 1
1824 1
3350 1
3188 1
3229 1
2688 0
997 1
1903 1
2784 0
1662 1
2270 1
1590 1
3075 1
1692 0
3124 1
1178 0
1939 1
506 0
2237 0
3328 1
1532 1
269 0
1670 0
1325 0
1802 0
1998 1
3301 1
3397 1
2490 1
537 0
900 0
502 0
836 0
1482 1
778 0
2384 0
2697 1
1500 1
434 0
3114 1
2459 1
1052 0
3396 1
2000 1
3177 1
2173 1
3167 1
2909 1
2710 1
3203 1
1807 1
2997 1
1368 0
528 0
1572 0
304 0
2116 1
856 0
625 0
1961 1
498 0
2016 1
2287 1
493 0
1899 1
1165 1
2896 1
924 1
2901 1
2663 1
1135 1
1414 1
1811 1
2129 1
642 0
1334 1
2844 1
2154 1
2448 1
3153 1
2668 1
1854 1
594 1
572 0
1575 1
1189 0
1960 1
1908 1
1108 0
1418 1
2805 1
1797 1
125 0
3385 1
339 0
558 0
3241 1
2766 1
2926 1
2881 1
2984 1
3243 1
510 0
1426 0
908 0
2631 1
365 0
2576 1
3340 1
270 1
2855 1
2570 1
2975 1
362 0
604 0
1505 1
1589 0
1849 1
1294 0
2155 1
2295 0
401 0
2246 1
3282 1
2316 1
1729 1
126 0
2609 1
3100 1
2342 0
1470 1
2879 1
1528 1
3143 1
1119 0
3055 1
812 0
1401 1
805 0
1235 1
1317 1
865 0
3356 1
1569 1
2685 1
2364 1
650 0
2137 1
2561 1
947 1
1993 1
1707 1
654 0
2854 1
2920 1
1781 1
2747 1
478 0
2699 1
1898 1
1965 1
653 1
2549 1
364 0
2917 1
930 0
2574 1
327 0
3237 1
3307 1
1919 1
23 0
921 1
3033 1
2583 1
3036 1
1850 0
1809 1
61 0
1029 0
2216 0
2523 0
1331 0
800 0
2234 0
24 0
3130 1
2912 1
1668 0
2988 1
1114 0
2548 1
3044 1
70 0
3348 1
1016 0
2239 1
1179 1
1817 1
2472 1
309 0
3361 1
796 0
1609 0
2469 1
2290 1
2950 1
848 0
3068 1
4 0
1177 1
2038 0
2305 1
2512 1
750 1
2826 1
580 1
825 0
1536 1
244 0
1526 0
3065 1
2222 1
2520 1
2638 1
2304 0
3015 1
2955 1
1371 1
2856 1
2070 1
1083 1
2374 1
1321 1
1963 1
656 0
3378 1
1644 1
1757 1
1806 1
2615 1
2543 1
1847 1
885 1
1222 0
212 0
2365 1
2031 1
2039 0
211 0
3285 1
3298 1
953 0
829 1
99 0
1763 0
3084 1
3006 0
2819 1
2966 1
2414 0
3401 1
2695 1
2973 1
3024 1
2244 0
2251 0
2126 1
1466 0
1405 1
2102 1
1204 1
905 0
786 0
136 0
1944 1
3083 1
492 0
1704 1
2141 0
3184 1
2393 1
2328 1
89 0
3163 1
898 0
442 0
1801 1
1869 1
3106 1
1901 1
1073 0
2493 1
1396 0
2911 1
3372 1
1917 1
1720 0
2721 0
428 0
3175 1
1216 0
2050 0
3327 1
1753 1
3179 1
1787 1
2097 1
1268 0
1111 1
2395 1
2727 1
2379 1
2214 1
298 0
705 0
2115 0
390 0
1870 0
2667 0
2956 1
2396 1
2743 1
2372 1
2596 1
547 0
972 1
1476 1
1112 1
1101 0
3288 1
1913 0
2808 1
869 1
3162 1
3336 1
726 0
175 0
3154 1
3057 1
2046 1
1510 1
646 0
1124 1
697 0
2714 1
2402 0
2069 1
407 0
3077 1
2356 1
1640 0
3388 1
338 0
3066 1
1949 1
1617 1
1072 0
2225 0
3043 1
839 1
2120 1
2852 1
2229 0
2649 0
2253 1
1347 1
919 0
2297 1
2837 1
1452 1
1304 0
3384 1
1733 0
864 0
1512 0
1046 1
1581 1
2006 1
2922 1
951 0
891 0
517 0
2700 1
803 0
3300 1
2104 1
733 0
1163 0
841 0
231 0
3049 1
2012 1
1099 0
1918 1
1803 1
1133 0
2067 1
1653 1
3180 1
308 0
3224 0
2022 1
310 0
1174 0
2362 1
131 0
2096 1
2555 1
1655 0
2718 1
2565 1
1740 0
1115 1
2377 1
914 0
329 0
2750 1
1356 1
31 0
3113 0
3406 1
2320 1
361 0
596 0
1346 0
391 0
325 0
447 0
2665 1
3343 1
1624 1
3219 1
200 0
1162 0
457 0
641 0
1862 0
2858 1
2085 1
1443 1
285 0
2846 1
2332 1
1689 0
1054 0
2436 0
3146 1
2170 0
2062 0
2733 1
1043 1
1612 1
730 0
3223 1
2283 0
866 0
1673 0
427 0
1358 1
466 0
486 0
903 0
1599 1
3098 1
1607 1
660 0
106 0
166 0
2983 0
2531 1
1892 1
1734 0
2833 1
2383 1
1828 0
2979 1
2599 1
909 0
1745 0
410 1
1836 1
1529 0
2437 1
1252 1
567 0
508 0
940 0
316 0
397 0
1761 0
2278 1
880 1
1429 0
473 0
1669 1
2835 0
1675 0
2679 1
1621 0
1627 0
2546 1
3169 1
2313 1
2381 0
2119 1
2770 1
1070 0
2280 1
205 0
2191 1
2696 1
1182 0
991 0
1155 0
1459 1
3095 1
599 0
2897 1
1386 1
2786 1
573 0
3275 1
2061 1
3405 1
3296 1
2974 1
2818 1
760 0
2651 1
13 0
1945 1
3197 1
3218 1
1703 1
3325 1
2042 0
210 0
1851 1
3368 1
2521 1
1721 0
1431 0
147 0
2953 1
3347 0
2822 1
1214 0
531 0
2385 0
140 0
936 0
101 0
297 0
1950 1
3342 1
1313 0
355 0
1224 1
2539 1
884 0
3149 1
2927 1
2169 0
1479 1
3259 1
1448 1
2444 1
589 0
2540 0
1664 0
133 0
3148 0
2418 0
1440 1
1997 1
2593 1
3061 1
2608 1
2995 1
1631 1
893 0
2285 1
2421 0
2095 1
2248 0
1620 0
845 0
1037 0
2172 1
2228 1
1935 1
1409 0
168 0
923 0
672 0
3135 1
2092 0
509 0
127 0
2360 1
3192 1
3023 1
915 1
359 0
956 0
1968 1
1400 0
1303 0
1930 1
2666 1
669 1
1506 0
1139 0
990 0
299 0
1071 1
287 0
2849 1
1422 0
881 1
3245 1
1343 1
1301 0
3216 1
1905 0
2494 0
1976 1
1857 1
1033 0
335 0
3369 1
2199 0
3022 1
1056 0
1902 0
2532 0
1507 1
1280 0
1025 0
2147 1
1364 1
2336 0
88 0
792 0
989 0
2005 0
22 0
2850 1
2312 1
808 0
617 0
291 0
2483 1
2195 1
1559 1
1550 1
3337 1
699 0
2197 0
1943 0
2958 1
3404 1
2188 1
1491 0
483 0
2315 1
611 0
40 0
1296 1
3132 1
3232 1
3073 1
3118 1
1798 0
195 0
1534 0
481 0
2862 1
1737 0
831 0
38 0
519 0
3355 1
1289 0
3156 1
1206 1
1560 1
2282 1
2083 1
2603 0
1123 1
1243 0
734 0
3207 1
2934 0
1568 1
1126 0
3102 1
2815 1
1730 0
1336 1
2200 1
3312 1
2809 1
696 0
3205 0
494 0
354 0
1827 0
763 0
600 0
1001 0
2207 1
618 0
3056 1
577 0
158 0
560 0
2556 1
1498 0
2513 1
657 0
1281 0
1095 0
2961 0
2545 1
1995 0
1357 0
3110 1
1266 0
2878 1
3120 1
1691 1
2028 0
1658 1
2508 1
1309 0
1520 0
910 0
193 0
2722 1
764 0
3028 1
1462 0
417 1
2433 0
904 0
1969 1
2915 1
2288 1
283 0
2563 1
72 0
1032 1
514 0
2044 0
374 0
1327 0
2182 1
1013 0
3136 1
1143 0
822 0
1597 0
1048 0
3150 1
1109 0
2219 1
937 0
352 0
1306 0
415 0
2398 1
1145 0
3128 1
2866 1
3256 1
344 0
420 0
1829 0
1282 1
1846 1
1120 0
49 0
3134 1
3240 1
1695 1
676 0
2584 1
1302 1
2895 1
1285 0
3360 1
628 0
2060 1
347 0
2898 1
84 0
1518 0
3111 1
592 0
1128 1
3147 1
3319 1
9 0
2084 0
3324 1
787 0
621 1
2840 1
459 0
2577 1
2769 1
2303 1
2460 1
2496 0
2648 1
330 0
626 0
117 0
25 0
1844 1
586 1
2036 0
2162 0
2772 1
2526 1
408 0
1676 0
2093 0
1335 1
1380 0
3170 1
732 0
3254 1
163 0
248 0
3164 1
2264 1
725 0
29 0
2413 1
1197 0
155 0
2913 1
3263 1
784 0
373 0
1441 1
724 0
801 0
3332 1
3096 1
1603 0
2774 1
1239 0
1223 1
3058 1
2307 0
2981 1
2426 1
3131 1
42 0
1011 0
985 0
233 0
1106 0
1672 1
2764 1
1986 1
2073 1
3387 1
616 0
146 0
901 0
2768 1
774 1
1434 0
2397 0
411 0
1989 0
1530 0
1687 0
1538 0
107 0
1779 0
2706 1
429 0
1767 0
707 0
3027 1
2887 1
738 0
380 0
2309 0
746 0
1564 0
2480 0
935 0
2175 0
645 0
357 0
1167 0
2524 1
1656 0
2475 1
2632 1
1292 0
2298 1
68 0
369 0
2260 0
694 0
2122 1
1496 1
2052 1
651 0
1837 0
1951 0
1258 0
3062 1
37 0
1262 1
1562 0
3214 1
511 0
1525 0
2501 1
3291 1
1810 0
2940 0
1040 0
2745 1
2613 1
191 0
267 0
3230 1
3002 1
1291 1
2671 1
3123 0
1265 1
2594 0
2242 1
1921 1
2804 0
607 0
1454 0
69 0
3171 1
266 0
2748 1
2196 0
1049 0
128 0
2829 0
2639 0
399 0
3335 1
3039 0
525 0
3016 1
387 0
2272 0
2853 0
1584 1
1782 1
1576 1
296 0
1287 1
2274 1
1378 0
759 0
2202 0
1639 1
3145 0
1983 1
2238 1
855 1
1725 1
1047 0
2701 1
1614 0
1059 0
728 0
3121 1
438 0
375 0
1696 0
3270 1
1660 0
1628 1
3021 1
3394 1
1318 0
71 0
2622 1
1838 0
1762 1
1021 0
1248 0
2319 1
1674 1
221 0
1391 1
1880 0
630 0
1146 1
3187 1
36 0
405 0
1578 0
1743 0
422 0
290 0
2504 1
872 0
1694 1
1097 0
2640 1
2567 0
2346 1
1714 0
196 0
152 0
41 0
3176 1
1169 0
2152 0
2230 1
2354 0
1926 0
1876 1
2842 1
450 0
389 0
1972 1
1445 0
372 0
2227 0
556 0
2090 1
2611 0
2538 0
698 0
720 0
673 0
1493 0
1539 0
1893 1
1600 0
1134 1
1894 0
2841 1
258 0
850 0
187 0
2996 1
1122 0
806 1
2717 1
2326 1
3034 1
2741 0
664 1
2824 1
944 0
295 0
1094 0
137 0
3351 1
319 0
2049 0
2836 1
2329 1
3189 1
659 0
1210 0
356 0
2208 0
892 1
2590 0
129 0
226 0
1064 0
1544 0
3276 1
82 0
2040 0
2131 1
1842 1
868 0
1026 0
203 0
2455 1
1964 0
852 0
1330 1
1004 0
523 0
2019 0
2947 0
3235 1
1822 0
2438 0
100 0
605 0
2621 0
1375 0
109 0
3129 1
1246 0
911 0
2091 0
444 0
952 0
1577 0
2643 1
719 0
1866 1
608 0
631 0
2776 1
807 0
1978 0
2740 0
2692 0
2646 1
1010 0
1934 0
1063 0
3314 1
3127 1
835 1
1608 0
2724 1
341 0
2457 1
2790 0
3051 1
1187 0
1457 0
430 0
1890 1
543 1
1388 0
194 0
1967 0
384 0
889 0
254 0
3354 1
798 0
1914 1
1460 0
2559 1
1516 0
2301 1
1863 1
2587 1
2231 1
761 0
3185 1
2952 0
723 0
2347 1
3258 1
353 0
2900 1
539 0
2627 1
81 0
772 0
3088 1
3246 0
2675 0
77 0
2306 1
1293 0
1727 0
998 0
232 0
2670 0
79 0
939 0
305 0
570 1
44 0
1558 0
561 0
156 0
3265 1
2388 1
1340 0
1786 0
1804 0
2206 1
969 0
1750 0
1708 0
462 0
167 0
2184 1
2259 1
145 0
862 0
1643 0
753 0
1593 0
2893 1
475 0
2943 1
602 0
938 0
65 0
2982 1
2386 1
512 0
634 0
165 0
336 0
1511 0
2500 1
1700 0
2972 1
2625 0
1788 0
1953 0
1366 0
1088 0
19 0
1449 0
680 0
1435 0
1225 0
2368 1
804 0
2971 0
261 1
2503 1
1168 0
2352 0
1636 0
2604 1
2655 1
1755 0
333 0
1053 0
2106 1
1685 0
2249 0
403 0
2351 0
451 0
2317 0
826 0
541 0
1904 0
349 0
2839 0
2371 1
802 0
3390 1
2027 1
747 0
153 0
929 0
2999 1
490 0
941 1
1038 0
896 0
3190 0
489 0
1381 0
432 0
323 0
30 0
667 0
851 0
202 0
264 0
190 0
999 0
2412 0
313 0
1567 0
1226 0
74 0
1344 0
670 0
75 0
92 0
785 0
963 0
1728 1
477 0
505 0
518 0
684 0
610 1
712 0
2816 0
955 0
363 0
861 0
1437 0
663 0
2894 0
11 0
647 0
737 0
834 0
1006 0
2089 0
2021 0
922 0
1186 0
996 0
619 0
33 0
3142 0
218 0
2132 0
606 0
204 0
172 0
311 0
2673 0
345 0
1208 0
675 1
2004 0
1350 0
17 0
1771 0
886 0
14 0
50 0
400 0
496 0
1582 0
2801 0
1992 1
1184 0
16 0
1256 1
1889 0
2691 1
257 0
150 0
2186 0
1131 0
574 0
742 0
367 0
1751 0
358 0
151 0
268 0
229 0
1030 0
585 0
1144 1
1384 0
1351 0
1937 0
108 0
613 0
179 0
160 0
12 0
2810 0
455 0
1138 0
529 1
1956 0
1819 0
2454 1
671 0
1193 0
769 0
2185 0
2192 0
863 0
315 0
1117 1
521 0
395 0
1137 1
289 0
449 1
208 0
314 0
965 0
975 0
1758 0
95 0
1508 0
1369 0
121 0
661 0
421 0
1067 1
810 0
1447 1
1723 1
2124 0
993 0
3092 0
1244 1
1213 0
86 0
223 0
138 0
931 0
1387 0
467 0
278 0
2382 0
214 0
113 0
340 0
2557 0
1242 1
1024 0
132 0
595 0
1136 0
920 1
1311 0
368 0
274 0
414 0
246 0
2094 0
446 0
93 0
461 0
1974 0
326 0
1606 0
18 0
173 0
1533 0
239 0
144 0
177 0
1058 0
35 0
1547 0
3339 0
1078 0
1051 0
468 0
322 0
1861 0
59 0
272 0
749 0
76 0
169 0
197 0
992 0
288 0
1546 0
662 0
21 0
708 0
1212 1
2452 0
388 0
709 0
503 0
1215 0
679 0
1929 0
1879 1
1017 0
2763 0
575 0
181 0
370 0
867 0
1705 0
1323 0
1316 0
2331 1
1000 0
1238 0
227 0
820 0
1957 0
331 0
1263 0
548 0
225 0
123 0
161 0
1397 0
689 0
2284 1
1203 0
535 0
443 0
1382 0
691 0
1818 0
343 0
927 0
485 0
2635 0
334 0
39 0
216 0
814 1
978 1
1061 1
2080 0
668 0
1630 0
2189 0
973 0
2226 0
2713 0
623 0
597 0
615 0
1228 0
1360 0
488 0
300 0
873 0
157 0
736 0
2136 0
1044 0
2025 0
472 0
979 0
1888 1
480 0
456 0
2109 0
8 0
2581 1
3 0
263 0
418 0
256 0
271 0
1523 0
554 0
346 0
1794 0
644 1
2932 0
1805 0
1345 0
695 0
1884 0
423 1
757 0
620 0
601 0
687 1
1626 0
960 0
1941 0
241 0
245 0
178 0
3212 1
2077 0
2127 1
321 0
3310 0
130 0
1625 0
499 0
1247 0
2409 0
678 0
55 0
409 0
425 0
463 0
690 1
3202 1
2957 0
1322 0
1079 0
406 0
479 0
665 0
3157 0
666 0
273 0
980 0
1019 0
1715 0
860 0
859 0
1361 0
238 0
2166 0
102 1
1481 0
1424 0
520 0
773 0
497 0
553 0
1756 0
1276 0
120 0
47 0
743 0
2811 0
182 0
2773 0
2275 0
2578 0
674 0
837 0
513 0
1372 0
1152 0
2529 1
714 0
275 0
799 0
1338 0
360 1
46 0
1427 0
912 1
934 0
1023 0
2477 1
775 0
5 0
2499 0
1066 0
2906 1
1877 1
2986 0
57 0
1823 0
54 0
234 0
2485 0
2517 0
2467 0
2340 0
2449 0
1927 0
1570 1
2265 0
53 0
2921 1
1392 0
1924 0
1645 0
2179 0
569 0
293 0
1731 0
114 0
1036 0
640 0
1748 0
94 0
1611 0
416 0
1068 0
598 0
2793 0
534 0
1159 0
1278 0
2796 1
1180 0
1682 0
259 0
1467 0
2193 0
162 0
1666 0
2933 0
3182 1
844 0
386 0
1075 0
1253 0
1035 0
3020 1
974 0
609 0
111 0
3038 0
1561 0
516 0
469 0
2664 1
833 0
1486 1
198 0
2233 0
1240 0
2218 0
1065 0
1408 0
721 0
98 0
404 0
1635 0
583 0
1352 1
1871 0
1789 0
2571 0
603 0
219 0
1663 0
917 0
658 1
1 0
1542 0
994 0
66 0
143 0
593 0
1759 1
80 0
542 0
1795 0
1848 1
2324 0
1814 0
97 0
201 0
1195 1
970 0
1483 0
253 0
2435 1
62 0
2479 1
754 1
1594 0
858 1
60 0
2034 0
1752 0
385 0
1490 0
436 0
1686 0
1211 0
1015 0
242 0
476 0
87 0
832 0
2133 0
2018 0
1269 1
1156 1
1980 0
412 0
1359 0
1646 0
91 0
2024 1
3311 0
1659 0
1492 0
1034 0
243 0
2465 1
770 0
752 0
710 0
383 0
392 0
440 0
3370 0
431 0
64 0
717 0
2978 1
381 0
1227 1
1170 0
1875 0
180 0
1840 1
171 0
1509 0
2023 1
1339 0
2410 1
1081 0
249 0
1172 0
587 1
149 0
1545 0
744 0
1909 0
1402 0
1185 1
966 0
916 0
551 1
713 0
1749 0
2497 0
43 0
1395 1
1355 0
2443 1
1105 0
522 0
683 0
1791 0
648 0
1007 0
2223 0
756 0
3329 0
1832 0
3005 1
250 0
2712 0
622 0
811 0
2209 0
320 0
2334 0
1028 0
2087 0
563 0
1419 0
926 0
1219 1
2180 0
452 0
1616 0
1732 0
73 0
176 0
1326 0
96 0
27 0
1864 1
1183 0
2250 0
1297 0
1092 0
2267 0
1709 0
1843 1
711 0
1464 0
48 0
1439 1
2043 0
840 0
1946 0
491 0
942 0
2174 0
755 0
1362 0
824 0
1260 0
328 0
3231 0
379 0
504 1
515 0
3126 0
1813 1
1808 1
3042 0
78 0
1421 0
874 0
2619 1
1563 0
192 0
1104 0
413 0
141 0
2279 0
1190 0
1116 1
2731 1
1008 0
2404 0
2378 0
28 0
731 1
2624 0
2268 1
546 0
765 0
350 0
236 0
2355 1
727 0
1415 1
1928 1
148 0
2751 1
1456 0
624 0
3252 0
3160 0
507 0
1305 0
2873 0
899 0
1726 0
2198 0
685 0
1517 0
530 0
2003 0
2030 0
2495 0
1661 0
2194 0
58 0
2370 0
104 0
312 0
846 0
1773 0
282 0
56 0
2601 0
1255 0
2636 0
1042 0
1086 0
2453 0
1274 0
948 1
2634 1
2907 0
1938 0
20 0
538 0
1471 0
853 0
1975 1
2256 0
2002 0
2079 1
2711 0
1141 1
828 0
2591 0
2257 1
1234 0
1002 0
790 0
571 0
2592 1
524 0
643 1
1365 0
2863 0
2728 0
1897 0
1772 0
2405 0
1722 1
474 0
1005 0
1940 0
581 0
2564 1
1363 0
876 1
878 0
2880 0
2163 0
2492 1
1160 0
533 0
748 0
2048 0
1958 0
2541 0
1966 1
2261 0
1872 0
1747 1
1665 0
495 0
819 0
1555 0
976 0
2530 0
2205 0
301 0
471 0
614 0
1057 0
1450 1
1096 1
2633 1
1082 0
1985 1
2350 0
116 0
701 0
704 0
1604 0
134 0
1638 1
2951 0
633 0
448 0
1754 0
686 0
849 0
3183 1
1574 0
2434 1
857 0
1858 0
1793 0
217 0
1069 1
1548 0
1701 0
897 0
2105 0
1410 0
1416 0
1199 0
2657 0
2807 0
1867 0
3333 0
1746 1
1050 0
170 0
439 0
1667 0
2506 0
1738 0
484 0
2674 1
1839 0
3317 0
1716 0
2442 0
2059 1
159 0
879 0
1093 1
2165 1
2580 0
2654 0
105 0
6 0
1150 0
1403 0
67 0
2387 0
3122 0
932 0
213 0
1142 0
527 0
2551 0
1254 0
1618 0
1039 1
1650 0
1595 0
629 0
1461 1
2637 0
1257 0
1009 0
1279 0
582 0
779 0
3379 1
1712 1
1792 0
51 0
1377 0
2406 1
470 0
2781 1
215 0
1543 0
1198 0
1770 1
3271 1
500 0
63 0
584 0
740 0
188 0
636 0
783 0
2135 0
1835 1
1102 0
2476 0
2114 0
1494 0
1207 0
1245 0
791 0
1158 0
1127 0
882 0
441 0
2905 0
2258 0
1129 1
2516 0
2597 1
135 0
424 0
1830 1
2944 1
1140 0
1774 0
1613 0
454 0
2886 0
1428 0
1566 1
968 0
1515 0
2515 1
2916 0
568 0
142 0
718 0
1647 0
1022 1
967 0
544 0
1315 1
590 0
284 0
224 0
2037 0
540 0
1874 0
1887 0
1299 0
2017 0
2145 0
3234 0
2014 0
1480 0
2075 0
2367 1
2088 1
119 0
2241 0
199 1
1906 0
1194 0
771 0
2271 1
237 0
2828 1
185 0
2908 1
2057 0
739 1
2432 0
342 0
453 0
1333 0
2151 0
1959 0
1290 0
1845 0
1499 1
2431 1
3358 0
3242 0
1826 0
875 0
3125 1
1678 0
2519 0
2203 0
2882 1
797 0
1100 0
279 0
139 0
398 0
3082 1
1267 0
1077 0
576 0
122 0
1741 0
2161 0
564 0
1654 0
1468 0
2910 1
2416 1
1020 0
1376 0
766 0
2348 0
2009 1
1484 0
1910 0
2874 1
890 0
2736 0
1923 1
2814 0
2684 1
2121 0
1596 0
702 0
2013 0
183 0
1587 1
1328 0
1540 0
1236 0
2001 0
3371 1
1389 0
1690 0
2659 0
52 0
1374 0
240 0
433 0
487 0
2738 1
3364 0
1513 0
2605 1
2686 1
3000 0
2440 0
2117 0
1084 0
1432 0
1573 0
3221 0
1718 1
2473 1
2032 0
1436 0
830 1
2422 0
1465 1
2033 0
2931 1
2954 1
2325 0
1354 0
292 0
376 0
1642 0
2683 0
2800 1
1463 0
1161 0
1860 1
1332 0
2113 0
907 0
294 0
3204 0
2527 1
1706 0
2825 1
758 0
870 0
396 0
207 0
578 0
1933 0
1298 0
2468 0
735 0
2644 0
549 0
1337 0
1060 1
1273 0
1181 0
2730 0
2400 0
3284 0
2321 1
1991 0
2662 0
3376 1
3099 0
2108 1
986 0
3181 0
318 1
2 0
277 0
2391 0
1693 0
2705 0
1132 0
782 0
2221 0
2851 0
3201 1
437 0
2054 0
45 0
2262 0
722 0
2509 0
1571 0
1074 1
2254 0
817 0
2746 0
3247 0
2554 0
1272 0
1288 0
2424 0
2889 0
382 0
550 0
827 1
1283 0
2650 1
1385 0
3366 0
3054 0
2552 1
2142 0
1027 0
794 0
1250 1
1912 0
1629 1
2946 0
2183 1
1684 0
3133 0
1637 1
2366 0
1541 0
2647 0
2742 0
895 0
393 0
1883 0
460 0
262 0
2389 0
958 1
2255 0
1821 0
435 0
247 0
1125 1
1601 0
1314 0
2925 0
1916 0
1202 0
2486 1
2868 1
1324 0
1475 0
1979 0
302 0
1423 0
1157 0
637 1
2425 1
3076 1
2245 0
1087 0
988 0
2204 1
588 1
228 0
2066 0
943 0
371 0
1221 0
557 0
559 0
793 0
1859 0
1406 0
681 0
983 0
2007 0
2547 1
85 0
2430 1
949 0
2924 0
2612 1
2606 1
2118 0
2652 1
2653 1
1205 0
1055 0
2399 0
1683 1
1920 0
366 0
2756 0
2573 0
781 1
2273 0
842 0
888 0
2698 1
1932 1
2799 1
2376 0
3030 1
1286 0
1586 0
961 0
1329 0
2505 1
332 0
2008 0
639 0
2528 0
3208 1
1107 0
854 0
303 0
945 0
3161 0
1622 0
703 0
2450 1
925 0
348 0
1778 0
2802 1
3313 1
2330 0
762 0
981 1
3316 0
1948 0
2243 0
562 0
1113 0
2337 1
3228 1
2618 0
2215 1
3064 0
2553 0
3108 1
2720 1
3377 1
1537 0
1952 1
788 1
3295 0
1652 0
1833 0
2569 1
2884 0
3089 0
3278 0
2345 1
913 0
1524 0
2542 1
1962 0
2139 1
2487 1
579 0
1098 0
112 0
3403 1
2047 0
260 1
1856 0
402 0
154 0
307 0
2672 1
2823 1
2446 0
3116 1
1602 0
1497 0
3010 1
2919 1
715 0
2777 0
809 0
3193 1
2289 1
2390 1
3323 0
1855 1
2779 0
2568 1
2642 0
1175 0
1591 0
2247 0
652 0
3220 1
815 0
1353 0
2484 0
2709 0
1922 0
3373 0
186 0
2797 0
124 0
2694 0
780 0
1488 0
2128 0
1535 1
1775 0
2357 1
1446 0
90 0
2928 1
1815 0
3257 1
3194 0
2236 0
1971 0
2845 1
118 0
1485 1
445 1
2969 0
1367 1
1553 1
706 0
2210 0
777 0
3107 0
3025 1
987 0
2535 0
3353 0
2959 1
2072 0
2353 0
2719 1
1342 1
632 0
1907 0
1799 0
1531 0
337 0
789 1
1790 0
2511 0
1886 0
1800 0
2723 1
3297 0
2149 0
1308 1
3269 1
1249 0
220 0
3141 0
1341 0
2703 1
1209 0
2157 1
1442 0
532 0
1554 1
2451 0
115 0
2929 1
306 0
1735 1
954 0
1220 0
3048 1
1990 1
2704 0
2419 0
818 0
813 0
206 0
2734 1
26 0
2318 0
1121 0
1469 1
2789 0
1232 0
2936 1
1477 0
2544 0
1565 0
3381 1
1583 0
2586 1
1503 0
265 0
2792 1
2935 1
1370 0
2626 0
1768 0
2693 1
2630 1
1229 0
1825 1
1841 0
3352 1
2471 1
0 0
3007 0
3294 1
1149 1
2620 0
1947 0
2314 1
2964 0
1200 0
2322 0
2164 1
552 1
1430 0
1619 1
32 0
767 0
222 0
2220 0
677 0
2737 1
1393 0
1130 0
2914 0
2373 1
751 0
2820 1
894 0
3266 1
2598 1
1744 1
2296 0
2123 0
103 0
3363 1
2566 1
2420 0
2831 0
1896 1
1148 1
3320 1
2462 1
3392 1
2872 1
2834 1
1275 0
3155 1
